51429,1785
51776,23564
1785,51429
4000,10389
51776,285971
29993,1785
51776,155061
4000,50809
11252,1785
51776,26112
4000,10009
29763,1785
51776,25897
4000,9878
9322,1785
51776,1400
4000,10155
4000,2273
9051,1785
51776,6453
4000,7936
89848,1785
23327,51776
4000,55609
1785,3146
1785,1759
4000,9555
1785,6187
7581,51776
51776,7581
4000,2957
1785,4287
4000,9031
1785,7704
4000,4999
1785,11253
51776,163081
4000,2963
1785,10574
7534,51776
4000,57680
1785,10069
9252,51776
4000,6829
1785,60492
7529,51776
4000,8607
7534,51776
1785,1780
9252,51776
4000,8467
6733,51776
4000,5371
1785,7297
4000,7153
998,51776
1785,26230
4609,51776
4000,92140
1785,6453
5868,51776
4000,9967
1785,2661
6134,51776
4000,63932
10253,1785
7515,51776
4000,8407
2060,1785
1785,50944
9694,51776
4000,29058
1785,22941
1785,22941
11130,51776
4000,348110
1785,50944
50855,51776
4000,51759
2241,1785
163081,51776
7514,51776
4000,11333
10856,1785
4000,57003
56257,1785
4000,64215
79871,1785
51776,80108
51776,163081
4000,55100
2961,1785
1994,51776
4000,7737
2885,1785
58491,51776
4000,10652
6464,1785
7770,51776
4000,7444
1785,8301
27300,51776
4000,493856
1785,5937
4000,2017
291,4792
1785,64924
291,4792
4000,55379
4792,291
4000,23607
54806,1785
54806,1785
5581,291
4000,1983
2017,1785
4255,291
4000,5110
1785,351
26270,1785
3396,291
4000,58477
56203,131377
131377,56203
51678,1785
581,291
4000,1636
2335,1785
291,581
131377,10324
7412,1785
4000,224
1785,51429
60,1073
4000,27295
51429,1785
4000,2194
1785,51429
71,1073
4703,84665
4000,54901
84665,4703
10105,291
4703,84665
4000,4841
60,1073
4000,3178
71,1073
4000,9879
6327,1785
4626,88
4000,5093
291,3921
4703,131377
130574,1785
4000,10949
131377,4703
291,7384
3362,1785
4000,11325
4621,88
291,140801
26052,1785
4000,57794
4621,7169
291,100128525
1785,2632
4000,3181
4620,88
291,2590
1785,26088
84665,7273
4000,10914
291,6189
84665,88
5195,1785
4000,8241
88,84665
2885,1785
1073,5464
4000,2521
1785,273
1785,2885
291,6187
274,4534
4000,55094
274,4534
4000,7536
1785,79694
291,220717
4534,274
1785,6453
4000,23350
4703,7169
1017,291
3782,1785
4625,88
4000,8220
10987,291
4625,7169
3676,1785
4000,10236
1785,2885
9924,1073
4000,24144
1956,1785
4000,1654
7138,7170
1201,291
6780,1785
4000,5496
274,1785
9051,1785
1203,291
4000,11052
88,7169
7170,88
54874,1785
975,1073
4000,9141
93185,1073
274,58
23048,1785
4000,57092
7169,7170
9322,1785
6059,291
7169,58
4000,22974
10324,10324
11193,1785
51213,1073
4000,51741
51429,1785
7140,7140
1073,18
4000,4288
58480,1785
22938,1785
1073,231
6517,1616
4000,84930
988,1785
1073,8659
4000,3054
4914,1785
4000,1398
351,1785
3671,291
4000,6386
291,9114
4000,10424
1073,847
4000,1399
1396,1073
4000,90861
51072,1073
4000,27238
8544,1073
4000,80011
6647,1073
4000,55666
6767,1073
4000,142
2547,1785
9948,1073
4000,4361
3184,1785
1073,3939
4000,9656
8139,1293
4000,2547
5347,1785
8266,291
5371,1785
1173,291
4000,55183
390594,8452
9184,1785
5071,291
4000,83990
60,1073
8481,1785
71,1073
4000,261726
6733,84700
1785,5783
1072,1073
4000,9040
4000,29843
5705,84700
1785,6120
1073,10486
4000,9958
246329,246329
11116,1785
1073,11034
4000,26054
246329,246329
4000,4691
246329,246329
11064,1785
1073,25913
4000,29889
85302,1785
4343,291
122622,55646
4000,5127
4867,1785
10482,291
4000,23450
122622,51582
23197,291
1639,1785
23197,291
159,122622
6769,4000
4534,4534
6103,1785
7993,291
4000,5591
4000,4001
79600,1785
79923,1073
10971,779
23048,1785
4171,291
79443,4000
1785,51429
51547,4000
4174,1073
6329,9368
648,4000
1785,51493
291,23197
57017,291
779,6717
4000,763
1785,30011
763,4000
4697,291
6329,801
1956,4000
26100,1785
8139,291
25777,4000
1785,273
55914,6329
4000,23633
6497,291
1540,4000
1785,6456
6640,6329
6708,4000
1785,6453
4000,6708
1785,6714
23197,84876
5610,4000
1785,2885
1743,4000
10161,84876
5160,4000
50618,1785
51547,1785
6389,4000
29979,84876
1785,30011
6647,4000
30011,1785
779,79849
30011,1785
779,5520
23607,1785
1785,5781
55294,1303
5116,291
1785,5295
3397,1303
57587,291
10161,84876
1785,5156
830,1073
5781,1785
4318,1303
1627,1073
79740,1785
4313,1303
5935,1785
2316,1073
51776,51776
56674,1785
4627,1073
51776,51776
64786,1785
4641,1073
1073,1073
6327,1785
5500,1073
7802,1785
8826,1073
4609,10290
2885,1785
26052,1785
11346,1073
10290,351
130574,1785
51474,1073
2994,1785
80179,1073
112574,1785
51429,1785
399687,1073
84466,6850
10971,10290
9260,7169
1073,160287
9260,7169
3276,10290
7168,7169
1073,3945
7169,7168
26060,285489
1073,654364
6236,7169
1398,285489
7169,6236
1073,4831
6236,7169
1072,1073
285489,9019
1073,60
207,7169
285489,114327
7169,7171
6794,1073
285489,83719
10768,7169
291,29957
84466,1173
3925,7169
292,291
84466,2887
140809,7169
291,10383
84466,8449
10992,7169
6929,291
84466,23020
1642,7169
112770,291
84466,57610
4841,7169
291,6787
4609,10290
11034,7169
155061,291
3671,291
9217,10290
57175,7169
4250,291
7138,7138
7138,7138
6817,7169
1132,291
10324,8452
8027,7169
27235,291
10324,9978
1355,291
79869,7169
6646,291
7416,291
79912,139596
8148,7169
8449,79912
1778,7169
25804,79912
9879,7169
3608,79912
1654,7169
57819,79912
7168,7169
7169,87
3609,79912
7169,81
79912,351
58500,7169
6795,4626
148523,7169
10107,10324
7169,1159
79912,2232
7169,548596
51118,10324
6498,7169
79641,4626
120892,7169
4171,4626
6119,7169
5019,203547
8735,4626
6118,7169
139596,79912
57466,203547
6117,7169
4626,7168
10226,203547
7169,25831
10324,25898
65260,203547
79912,139596
4109,7169
6517,10324
5329,203547
6795,4626
10969,7169
8991,203547
7090,4626
10712,7169
79641,4626
1889,203547
85016,7169
8359,4626
7168,7169
252839,203547
10107,10324
51118,10324
554235,7169
10801,203547
8087,8087
8851,7169
27020,203547
149041,7169
5081,11091
3516,7169
5081,11091
118,7169
5081,9070
830,7169
11091,5081
1017,7169
9070,5081
2316,7169
4627,7169
5987,5081
5500,7169
5081,5987
5595,7169
4654,5081
8826,7169
9260,7169
1457,5081
11346,7169
10159,203547
5081,4734
54443,7169
1896,203547
5081,4734
4734,5081
55930,7169
274,274
80179,7169
399687,7169
84676,7136
7169,5711
79867,203547
26123,203547
6096,7136
132884,203547
200728,203547
3174,7136
51259,203547
2101,7136
91147,203547
7134,7136
8454,4621
26019,7136
93185,4621
3383,4621
54916,4621
55143,4621
515,7169
6495,4621
10134,7169
84676,7136
832,7169
84675,7136
55749,7169
7135,4621
1327,7169
7136,23411
4624,7169
7136,7088
4637,7169
7090,4621
4716,7169
7136,4925
22950,7169
3091,4621
6741,7169
7136,7091
3925,7169
6495,4621
54916,4621
10923,7169
7135,7169
7136,130132
7385,7169
7136,9903
6667,7169
55143,4621
29106,7169
4632,4735
79841,7169
4632,57122
55244,7169
4632,10054
54432,7169
4632,351
10611,7169
7412,4632
10142,7169
2335,4632
7168,7169
54916,4632
153328,7169
4632,8826
10969,7169
58500,7169
7316,4632
7090,4632
7570,7169
3091,4632
3010,7169
1540,4632
4109,7169
1355,4632
58516,7169
85016,7169
1743,4632
208,7169
3028,4632
10469,7169
7703,7169
148523,7169
554235,7169
10878,7169
374882,7169
8851,7169
51322,7169
25912,7169
619279,7169
80031,7169
84896,7169
50484,7169
1994,203547
10159,203547
654346,7169
90231,203547
284067,7169
88,88
527,203547
219736,7169
8992,203547
282809,7169
1896,203547
9114,203547
9262,7169
245972,203547
3038,7169
147007,203547
102724631,7169
23545,203547
23221,7169
4735,7169
29119,203547
284058,7169
719,203547
79983,7169
22981,7169
11142,7169
79714,7169
4163,7170
1974,7170
7161,7170
5885,7170
4751,7170
7170,29844
7170,79036
7170,7171
11196,7170
8942,7170
7168,7170
5052,7170
9984,7170
8872,7170
8175,7170
10801,7170
3315,7170
10073,7140
8452,7170
1017,7170
10422,4620
672,7170
29761,4604
26271,7170
29761,4604
84676,7140
7170,10131
801,4604
3320,7170
3326,7170
7134,7138
84676,7138
9656,7170
7138,10989
22976,7170
7138,6457
2335,7170
9924,7170
7138,79724
7170,10768
7138,10524
7170,476
7138,5297
7170,1152
7170,1159
7138,23148
7170,548596
7138,1937
10971,4620
7170,9377
7138,10042
7251,7140
7170,1537
120892,7170
7138,282991
11165,7140
5071,7170
7138,22938
7140,9001
7170,2194
7138,55854
9958,4620
7170,2288
7138,51617
4223,4604
7170,2289
7138,5267
6840,4620
7170,10916
7138,7321
653361,4604
3298,7170
7138,58500
3437,7170
7138,23660
10869,9427
3753,7170
7138,55577
26270,9427
3801,7170
7138,5008
4110,7170
7138,23762
4620,87
7157,7170
6045,7170
7138,3326
4620,81
1956,7170
7138,29896
54858,7140
1612,7170
9820,7170
7138,26022
23363,7170
7138,4141
3133,9427
7168,7170
6472,7170
7138,7431
5894,4604
4343,7170
7138,9001
10482,7170
910,9427
7138,25852
10487,7170
2273,4604
3320,7170
7138,22872
2273,4604
4604,2273
4172,7170
7138,2534
2274,4604
10724,7170
7138,80304
2275,4604
5090,7170
7138,1107
2275,4604
5987,7170
2274,4604
7138,1655
84676,4604
6293,7170
84675,4604
7138,11124
4171,4620
7170,7205
7138,23367
54413,7140
7170,8379
7138,116225
7157,4604
7170,9874
5705,7138
10598,4620
7170,11339
7138,22981
483,4620
7170,26258
7138,9513
7170,29844
7138,7168
128239,4620
4620,7168
7170,54535
5592,7138
7138,5592
60673,4620
7170,55145
5592,7138
7138,5592
867,4620
7170,57639
5592,7138
7090,4620
7170,79036
3091,4620
7138,11007
7170,79839
65258,9427
7138,79156
7170,93233
4250,9427
7138,8500
3133,9427
7170,93426
84818,9427
7170,121457
8875,9427
7170,127703
4780,7138
29121,9427
7170,150082
7138,7168
910,9427
7170,171484
7138,9519
11045,9427
54858,7140
7170,374659
7138,10933
7169,7169
7169,7169
7170,374666
7138,23641
7170,7170
7170,7170
7170,541468
7138,24144
4171,7170
4914,7170
7138,64753
118,7170
830,7170
7138,125115
1017,7170
5705,7138
4627,7170
7138,7168
5500,7170
9456,6261
5501,7170
2099,84458
6261,2280
8826,7170
2099,84458
9260,7170
2099,84458
54443,7170
2099,84458
55930,7170
84458,2099
80179,7170
6261,10345
399687,7170
84458,7421
6263,2280
7170,26578
84458,3065
121457,7170
6262,6263
127703,7170
84458,8841
6263,6262
6261,6262
1856,7170
84458,9759
2280,6261
2280,6263
29911,7170
84458,10013
6261,2280
3437,7170
8841,84458
10345,6261
7170,8379
10013,84458
6261,2280
10013,84458
9456,6261
55869,7170
9456,6261
1487,84458
1487,84458
9455,6261
9455,6261
1488,84458
84458,10013
9454,6261
1487,84458
9454,6261
1487,84458
10345,6261
1487,84458
6261,10345
87,7170
1488,84458
81,7170
515,7170
2801,84458
1327,7170
10345,6261
293,84458
23787,7170
6271,6261
57644,7170
7185,84458
8454,6263
4716,7170
3516,84458
6927,6263
5683,7170
3837,84458
1080,6263
5687,7170
4848,84458
3925,7170
648,6263
25939,84458
6904,7170
7168,7170
53916,84458
7385,7170
6667,7170
54820,84458
1994,7170
7170,9043
124739,84458
112869,7170
222229,84458
6261,286
2280,6263
7170,55272
7170,3725
2281,6263
6261,801
7170,55798
7170,57658
56254,7170
5553,57190
11315,7170
10331,57190
5160,7170
55630,57190
7416,7170
54414,57190
29906,57190
7157,57724
64377,57190
6901,57190
3125,57190
10695,57190
5824,57190
1994,57190
29906,57190
5824,57190
84458,1316
1316,84458
119180,57190
84458,1316
84458,1316
54554,57190
4250,57190
367,84458
367,84458
9638,57190
116138,84458
10956,57190
3125,57190
84458,4043
64377,57190
1487,84458
84458,1432
90070,57190
23512,84458
8858,57190
5553,57190
84458,23126
84665,89
84458,9658
84665,10529
84458,51130
84458,1488
200539,84665
84458,7874
27063,84665
84665,27063
84458,79699
84665,200539
84458,4035
9325,9968
84665,27063
84665,27063
9325,9969
1659,84665
9325,81857
79961,84665
9325,9440
4171,84665
9325,5469
830,84665
9325,80306
51512,84665
9325,9862
7917,84665
9325,9439
84665,9219
9325,29079
7514,84665
9325,112950
9325,51586
9325,84246
9325,5430
9325,23186
9325,9442
9325,400569
7068,9325
2099,9325
5914,9325
2033,9325
8648,9325
9325,1387
9325,8648
2100,9325
5468,9325
5083,9325
7026,9325
7494,9325
10783,9325
10783,9325
10783,9325
4914,9325
51008,9325
5970,9325
2521,9325
5468,9325
221120,9325
6256,9325
9325,6256
9325,7068
1387,9325
4790,9325
5970,9325
54819,246329
3725,9325
5465,246329
6722,9325
246329,2962
9325,4790
9325,5970
246329,23141
9325,3725
9325,6722
246329,84058
4790,9325
5970,9325
246329,23210
3725,9325
6722,9325
246329,54904
1457,246329
3832,9325
220108,246329
81620,9325
7514,9325
246329,285672
246329,286499
246329,79169
246329,84080
84164,9325
246329,85403
7316,9325
51008,9325
23181,246329
84164,9325
221120,9325
29994,246329
54819,246329
9325,1465
9325,51008
55138,246329
84164,9325
51008,9325
55216,246329
9325,84164
83746,246329
8087,2332
84619,246329
8087,26999
126868,246329
26058,8087
246329,2962
246329,23141
10014,8087
246329,84058
23191,8087
324,4703
2332,8087
84676,4703
8087,9513
801,4703
2332,8087
9513,8087
4703,1674
2332,8087
8087,9513
4703,7111
9513,8087
8087,1400
29765,4703
8087,2634
29086,10367
8087,57562
5594,4703
8087,11161
6640,4703
10367,351
8087,51631
8087,55791
1432,4703
11098,8087
204851,4703
8452,8087
10987,8087
72,4703
1457,8087
4703,7168
79968,8087
25771,10367
3315,8087
54504,10367
4914,8087
6570,10367
221154,10367
54984,8087
55692,8087
2332,8087
6788,4703
58,1072
867,58
8087,4076
165904,4703
8087,2332
56259,58
8087,9513
129446,4703
58,9759
8087,222229
4703,165904
4703,129446
51086,58
8087,4999
4100,10367
26136,58
8087,10048
84676,4703
84675,4703
221692,58
8087,81550
57017,10367
5499,58
8087,8940
4171,4703
79083,58
8087,55833
6667,4703
9513,8087
27252,58
81550,8087
80344,10367
23512,8087
5201,58
648,8087
80005,10367
57787,58
9820,8087
26953,10367
23214,58
83987,8087
54765,10367
2332,8087
142678,58
1003,10367
142678,58
4103,8087
9715,10367
23268,58
4772,8087
221154,10367
10297,58
2735,8087
10367,16
94234,8087
9212,10367
8215,58
2307,8087
84861,10367
2120,58
890,8087
5565,4703
1000,58
891,8087
10367,286097
6598,58
207,58
1191,8087
973,10367
29761,58
25771,10367
29761,58
5129,8087
58,55869
10367,51184
5580,8087
1660,58
221074,10367
58,1660
6622,8087
58,1660
25917,10367
7257,8087
58,1773
56125,10367
9774,8087
5460,58
10367,285598
9984,8087
55929,58
10367,23357
10524,58
10528,8087
974,10367
8202,58
10769,8087
2033,58
10376,10367
54520,8087
7337,58
55236,8087
7428,1291
6602,58
57187,8087
51726,1291
57606,8087
1634,1291
7248,58
57644,8087
4099,1291
58,6198
26270,1291
84790,8087
58,4892
2923,1291
5581,58
645455,8087
5581,58
1297,1291
3428,8087
58,2638
338872,1291
1264,58
5796,1291
2934,58
83546,1291
6876,58
78989,1291
7431,58
6709,58
1291,5154
23406,58
1291,5155
1291,5155
84687,58
54361,1291
85477,58
1297,1291
58,9087
116372,1291
4318,1291
58,7114
8399,1291
58,10575
81550,8087
4313,1291
1994,8087
58,9468
5351,1291
51547,8087
83546,1291
58,22948
338872,1291
55832,8087
5796,1291
6624,58
3959,8087
84569,1291
58,1756
9513,8087
78989,1291
1072,58
7114,58
23378,8087
1667,1291
4103,8087
10956,1291
1452,58
54984,8087
58,7205
7476,1291
6464,58
51177,8087
6622,58
10022,1291
84450,8087
9636,58
5970,58
825,7273
3065,58
84676,58
8557,7273
84676,58
7273,200539
6786,57620
84676,58
7273,27063
57620,6786
1017,58
7273,27063
8454,58
7273,200539
55752,6786
10933,58
7273,26287
140576,6786
9643,58
200539,7273
27063,7273
9554,6786
55257,58
22827,7273
847,6786
137735,58
55723,7273
7536,6786
58,22885
84676,7273
7273,87
3448,6786
58,84448
7273,87
7273,87
2564,6786
695,58
6786,22919
84172,58
10971,7273
58,84172
7273,8557
3122,6786
7273,8557
54700,58
286,7273
131965,6786
286,7273
3958,58
8557,7273
79867,6786
7273,8557
84859,58
87,7273
26123,6786
27429,58
7273,4607
132884,6786
27429,58
7273,84033
200728,6786
26191,58
7273,84033
1432,58
2274,7273
51259,6786
11034,58
2274,7273
7273,84676
3074,6786
6199,58
7273,84676
7273,8557
5563,6786
5502,58
825,7273
57620,6786
11144,58
7273,4077
5799,6786
4077,7273
653145,58
6786,10640
8266,58
7273,8878
131965,6786
2934,58
7273,4077
7273,8557
55036,6786
10576,58
6427,7273
115106,6786
26146,58
23013,7273
347730,6786
54206,58
11052,7273
55540,6786
58,154796
7273,84676
9702,58
8452,7273
55334,6786
71,58
8450,7273
999,6786
58,345651
8453,7273
913,6786
58,55845
1017,7273
10987,7273
58,1029
29991,1292
213,7273
5553,1292
58,10787
8445,7273
56934,1292
58,25
6733,7273
1297,1292
7273,801
338872,1292
80020,58
4914,7273
7480,1292
337867,58
7273,1410
5796,1292
9820,58
7273,84676
23363,58
7423,1292
84676,58
9702,7273
84675,58
1292,1339
9693,7273
2065,58
1292,10991
6045,7273
301,58
1017,7273
114898,1292
4171,58
9820,7273
6901,1292
2810,58
5594,7273
1297,1292
4914,58
2273,7273
84569,1292
4641,58
7273,2273
29991,1292
58,4641
84676,7273
3316,58
84675,7273
284467,1292
4171,7273
338872,1292
10022,1292
4318,1292
5796,1292
8139,7273
119180,1292
830,58
3316,7273
23127,1292
4627,58
5500,58
2130,7273
151647,1292
51474,58
5351,1292
399687,58
154,7273
4313,1292
310,7273
245934,1292
408,58
114898,1292
7316,58
7410,7273
5502,58
6667,7273
404552,1292
388569,58
408,7273
27120,1292
8399,1292
142679,58
4738,7273
56934,1292
7480,1292
5495,58
5935,7273
116372,1292
51657,58
2515,7273
6375,1292
10487,58
7090,7273
653145,58
4297,4534
7090,58
9819,7273
11144,58
4534,8451
3091,58
999,7273
84078,4534
23385,58
58,6714
1956,7273
4534,3107
58,5295
58,207
11200,7273
4534,57614
58,6708
1111,7273
4534,3849
6708,58
7150,7273
4534,3852
4000,4001
7153,7273
4534,9784
4000,6720
7156,7273
10903,4534
4000,26502
7465,7273
4534,9650
3014,4000
2010,4000
5604,7273
4534,25813
2010,4000
5594,7273
2010,4000
4534,813
7846,7273
3621,4000
4534,9391
4000,3621
3672,274
4534,10963
4000,1499
3675,274
4534,5954
10250,4000
274,8723
4534,58533
23524,4000
3655,274
4609,274
4534,7411
8815,4000
274,4609
4534,9784
274,8723
4000,5928
4534,6895
4000,5928
1523,274
4609,4000
4534,155100
274,79890
51377,4000
274,79890
4534,8574
10971,4000
274,5991
4534,4704
4311,4000
274,79842
4534,5018
10664,4000
6840,4000
10188,274
4534,6646
4000,8187
4534,30968
4000,8187
4534,10989
4000,23345
273,274
4534,3611
4000,5925
5747,274
4534,9997
239,4000
6853,274
239,4000
54893,4534
7112,4000
205860,4534
7112,4000
4534,9784
4000,7112
7112,4000
274,2547
4534,7278
274,7520
8359,55033
5337,274
2932,55033
7112,4000
5338,274
23345,4000
274,5337
26502,4000
274,5338
5434,55033
5578,4000
11160,55033
1861,4000
274,351
10690,55033
4000,26092
29122,55033
4000,2010
2010,4000
5267,55033
4000,2010
274,8976
4000,6720
1296,55033
4000,6720
81488,274
4000,10524
5358,55033
9636,4000
274,4609
5501,4000
274,4609
55033,22824
4001,4000
4609,274
7112,4000
4609,274
55033,3936
6720,4000
274,6249
3423,55033
5093,4000
6249,274
274,6249
55033,5357
4000,57418
274,51411
55033,27068
4670,4000
1994,55033
293,4000
4154,274
29953,55033
4000,5395
292,4000
7316,274
25777,55033
4000,4841
8875,55033
5093,4000
8471,274
119180,55033
8471,274
3423,55033
1950,4000
10525,274
124912,55033
7329,4000
11160,55033
7703,4000
5144,274
26092,4000
1670,55033
10137,274
64949,4000
6483,55033
2316,4000
1759,274
9294,55033
201294,4000
22839,274
10690,55033
5093,4000
7329,4000
7518,274
84892,55033
7703,4000
1017,4000
2203,274
2,55033
274,22839
5267,55033
4000,23450
274,7518
2010,4000
274,2203
2799,55033
10933,4000
274,22839
29122,55033
9643,4000
274,7518
55257,4000
274,2203
2525,55033
4000,4001
26747,274
7252,55033
4000,9816
4000,9816
1716,274
50846,55033
5245,4000
2023,274
283464,55033
4609,4000
1296,55033
6472,274
4000,90523
4343,274
4913,4625
90523,4000
10482,274
26270,4000
5710,4625
10971,4000
274,6654
10971,4625
2335,4000
7412,4000
274,6655
23392,4625
999,4000
23392,4625
6059,4000
274,160
23392,4625
7874,4000
4625,89
3178,4000
2274,274
3987,4625
54916,4625
4000,84823
274,23224
3676,4000
274,6249
51741,4625
274,23224
55143,4625
3002,4000
23224,274
79641,4625
274,6249
6495,4625
3001,4000
274,6249
4625,79036
7415,4000
83737,274
5071,4000
83737,274
3516,4625
83737,274
4000,115207
27185,4625
5906,274
4000,9897
4625,92002
10526,274
4000,23633
4625,123283
11279,274
1936,4000
4625,4299
57617,274
29925,4000
4625,5424
5716,4000
274,1869
4625,5534
1869,274
9183,4000
1994,274
4625,6709
4000,51207
274,1213
4625,6882
4000,386675
274,161
4625,9685
801,274
4000,386682
51411,274
4625,9817
7157,4000
273,274
2521,4000
81488,274
4625,10016
9693,4000
23310,274
4625,10952
8726,4000
1716,274
51548,4000
26747,274
4625,25824
3611,4000
27185,88
4625,51382
3654,4000
3741,88
4625,51548
3985,4000
88,1739
1739,88
4625,63967
23031,4000
27185,88
7135,4625
7090,4625
124944,4000
9820,4000
11319,4625
23363,4000
5684,88
83987,4000
10971,88
84258,4625
7329,4000
54916,4625
2023,4000
8204,88
6495,4625
6472,4000
4343,4000
8850,88
8227,4625
10482,4000
55143,4625
9282,88
79641,4625
4000,4691
22938,88
2521,131377
4000,9475
23421,88
4174,4000
131377,7416
22938,4000
6314,88
988,4000
131377,79026
8856,88
57154,4000
131377,200014
4171,4000
11155,88
4914,4000
5966,131377
3781,88
677770,4000
9189,131377
88,2904
7157,131377
88,2904
26231,131377
8353,4000
88,8038
88,8038
54906,131377
51400,4000
51400,4000
88,58529
131377,136895
7112,4000
58529,88
131377,5187
4000,9631
88,63923
88,3741
131377,9043
4000,8888
88,3741
4000,51741
88,3741
131377,5318
3741,88
4000,55746
89,88
131377,64397
88,89
4000,199953
89,88
131377,155061
88,89
4000,4928
89,88
131377,8446
88,89
4000,10424
131377,347344
1742,88
4000,6811
131377,387119
88,9124
4000,29843
131377,23272
4000,9883
88,3741
131377,5371
3741,88
4000,25909
87,88
131377,84515
88,81
4000,23592
55914,88
131377,122060
4000,10762
823,88
131377,55388
4000,9972
4846,88
131377,9925
4000,2010
93185,88
4000,7112
3315,88
131377,23102
8924,4000
4619,88
131377,3983
6733,4000
4622,88
131377,51222
1195,4000
4624,88
131377,51535
6993,4000
4000,5093
5693,88
131377,8535
4000,6117
7171,88
131377,11004
57545,4000
9124,88
131377,168374
57763,4000
6311,88
131377,55253
8625,4000
8161,88
131377,2794
283807,88
283807,88
131377,55791
283807,88
131377,9793
88,11224
1950,4000
131377,126789
4000,7112
88,55663
4000,26092
131377,23269
4000,2010
171024,88
4000,23592
131377,8623
88,4342
4000,26049
131377,4798
4000,4001
88,6615
4000,2316
4000,4000
88,6672
4000,4000
4000,3930
4000,4000
4000,199953
88,27295
51776,5609
4000,4926
88,51778
4000,54443
7046,51776
4000,84823
88,79778
4000,9972
2810,51776
4000,10762
88,84312
4000,25909
51776,90007
4000,9883
88,158297
51776,51042
4000,7175
88,285093
51776,9978
4000,4928
88,7135
4000,9631
88,7168
51776,4354
9124,88
4000,5903
51776,6598
4000,55746
1785,50944
51776,2146
4000,5905
1785,22941
4000,8888
51776,3507
5148,1785
4000,8021
51776,26276
1785,7919
4000,8369
51776,9094
51429,1785
4000,29115